m =  [1 1 1] 							m =  [1 1 1] 
d =  3401.360544217687 						d =  3401.360544217687 
t =  [ 0.21016059  0.22761388  0.27939199]		      |	t =  [ 0.1282817   0.14602588  0.19431332]
m =  [1 1 1] 						      |	Theta =  [ 0.1282817   0.14602588  0.19431332]
d =  3401.360544217687 					      |	Theta diff =  [ 0.00145444  0.00058178  0.00116355]
t =  [ 0.04349393  0.06094722  0.11272532]		      |	Wavelengths =  [ 435.13656905  494.92336245  656.7783226 ]
m =  [1 1 1] 						      |	[ 16546529.32449703  14547706.8700211   10962602.98534193]
d =  3401.360544217687 					      |	[ 12256688.38851632  10776079.16297859   8120446.65580884]
t =  [ 0.12682726  0.14428055  0.19605865]		      |	[ 10943471.775461     9621499.25265946   7250398.79982932]
Theta =  [ 0.12682726  0.14428055  0.19605865]		      <
Theta diff =  [-0.00174533 -0.00203622 -0.00145444]	      <
Wavelengths =  [ 430.22968141  489.04929876  662.60209147]    <
[ 16735247.03446288  14722442.1305995   10866250.03551875]    <
[ 12396479.28478732  10905512.68933296   8049074.10038426]    <
[ 11068285.07570297   9737064.90119015   7186673.30391452]    <
R_H Avg =  10946682.6002					R_H Avg =  10946682.6002
hi [ 709.58150137  767.52924009  937.99749093]		      <
lo [ 147.89188393  207.17514667  382.60795084]		      <
