m =  [1 1 1] 
d =  3401.360544217687 
t =  [ 0.21016059  0.22761388  0.27939199]
m =  [1 1 1] 
d =  3401.360544217687 
t =  [ 0.04349393  0.06094722  0.11272532]
m =  [1 1 1] 
d =  3401.360544217687 
t =  [ 0.12682726  0.14428055  0.19605865]
Theta =  [ 0.12682726  0.14428055  0.19605865]
Theta diff =  [-0.00174533 -0.00203622 -0.00145444]
Wavelengths =  [ 430.22968141  489.04929876  662.60209147]
[ 16735247.03446288  14722442.1305995   10866250.03551875]
[ 12396479.28478732  10905512.68933296   8049074.10038426]
[ 11068285.07570297   9737064.90119015   7186673.30391452]
R_H Avg =  10946682.6002
hi [ 709.58150137  767.52924009  937.99749093]
lo [ 147.89188393  207.17514667  382.60795084]
